537 301 1
600 241 1
556 252 1
478_LOOP0014 324 1
588 279 1
524 79 1
015 75 1
568 242 0
570 170 1
475_LOOP0011 236 1
512 94 0
591 297 1
578 271 0
531 278 0
471_LOOP0007 223 1
472_LOOP0008 294 1
607 262 0
594 271 1
018 61 1
488_LOOP0024 250 1
509 107 1
557 194 1
582 271 1
484_LOOP0020 273 1
610 280 0
579 253 1
502 70 0
575 211 1
494 95 0
586 732 1
477_LOOP0013 286 1
469_LOOP0005 243 1
518 85 1
489_LOOP0025 323 1
550 266 0
605 218 1
467_LOOP0003 248 1
563 247 1
581 206 1
038 206 1
549 1071 1
526 80 1
528 79 0
496 113 1
483_LOOP0019 278 1
553 244 1
520 62 0
552 242 0
037 184 1
031 178 0
604 249 1
587 271 1
019 58 1
508 125 1
532 288 1
517 87 1
004 61 1
497 94 1
519 103 1
474_LOOP0010 248 1
608 357 0
544 336 0
010 160 1
022 77 0
538 277 1
490_LOOP0026 302 1
522 95 1
527 68 1
611 324 1
035 174 1
530 82 0
504 114 0
501 89 0
562 622 1
009 63 1
027 59 0
498 111 0
561 232 1
513 76 0
543 309 0
574 246 1
021 62 1
536 340 1
480_LOOP0016 303 1
511 77 1
534 298 0
577 248 1
487_LOOP0023 242 1
510 81 1
003 63 1
571 256 1
589 246 1
020 59 1
492 95 1
485_LOOP0021 268 1
595 248 0
486_LOOP0022 242 1
516 92 0
615 318 1
036 169 0
026 60 0
493 107 0
545 301 1
548 350 1
555 269 0
597 278 1
554 270 0
606 290 1
028 202 1
551 253 0
507 131 1
029 105 1
525 58 1
612 244 0
614 245 1
001 59 1
609 670 1
495 129 1
590 266 0
584 302 1
576 224 1
580 248 1
491_LOOP0027 309 1
515 87 0
602 278 1
585 278 0
533 348 0
539 302 1
014 78 0
032 176 1
473_LOOP0009 279 1
017 68 0
593 324 0
